COUNTY	PARISH	RELIEF	INCOME	UNEMP	COTTIND	ALLOTMNT	LONDON	FARMERS	WORKHSE	CHILDALL	SUBSIDY	LABRATE	ROUNDSMN	GRAIN	DENSITY	WEALTH	POP
1	1	20.36185989	41.32231405	0.140692641	0	0	31.5	0.554054054	1	1	1	1	0	16.04477612	0.308357349	7.308411215	2140
1	2	29.08609484	32.74441036	0.071428571	1	1	31.5	0.333333333	0	1	0	0	0	13.54166667	0.206	3.898058252	206
1	5	14.93175736	30.99173554	0.04822335	0	1	31.5	0.175438597	1	0	0	0	0	11.81102362	0.235044643	3.498575499	1053
1	8	24.12321101	31.38005993	0.058962264	0	0	31.5	0.401869159	1	1	0	0	0	11.32445141	0.302910361	2.145272867	2602
1	10	18.20750131	32.74441036	0.032019704	0	1	31.5	0.212765957	1	0	0	0	0	13.2	0.253802817	4.637069922	901
1	11	20.72873235	32.74441036	0.10140118	0	1	31.5	0.742424242	1	1	0	0	0	13.78424658	0.3821875	3.486508585	1223
1	12	8.119472234	33.05785124	0.070512821	0	1	31.5	0.32	1	1	0	0	1	15.84507042	0.269503546	6.097368421	1140
1	13	14.02007084	35.47311123	0.007874016	0	0	31.5	0.114754098	1	1	0	0	0	12.38687783	0.449382716	3.727472528	1820
1	17	18.42478877	32.74441036	0.083603021	0	0	31.5	0.585365854	1	1	1	1	0	11.42857143	0.270699433	3.277932961	1432
1	18	34.54659974	32.23140496	0.256097561	0	1	31.5	0.307692308	1	1	0	1	0	14.46759259	0.314909091	4.459584296	866
1	19	16.09271289	37.19008265	0.098684211	0	0	31.5	0.214285714	1	1	0	1	0	8.891752577	0.243402778	5.134094151	701
1	22	24.61659245	27.89256198	0.062761506	0	0	31.5	0.440944882	1	1	0	0	0	15.53719008	0.280855397	3.251994199	2758
1	23	25.46829834	32.74441036	0.124031008	0	0	31.5	0.473684211	1	1	0	0	0	16.01796407	0.194311377	5.599383667	649
1	24	12.56319438	38.88398731	0.060606061	0	0	31.5	0.342857143	1	0	1	0	0	16.125	0.557142857	4.766788767	819
1	29	13.27800346	38.20181209	0.035031847	0	0	31.5	0.814814815	0	1	0	0	0	17.66304348	0.25106383	4.351694915	708
1	31	27.30297308	30.0157095	0.105392157	0	0	31.5	0.365384615	1	1	0	0	0	14.0625	0.26328125	4.644906034	1011
1	34	29.60550807	30.99173554	0.090293454	0	0	31.5	0.641025641	1	1	1	1	0	17.56238004	0.259729064	4.368895211	2109
1	36	13.61319225	36.15702479	0	0	0	31.5	0.294117647	0	0	0	0	0	15	0.251764706	3.929906542	214
1	39	11.37141834	42.9770386	0.03968254	0	0	31.5	0.252747253	1	1	0	1	0	8.067226891	0.533668342	3.211393597	2124
1	45	21.52480668	42.87190083	0.03030303	0	0	31.5	0.8	0	0	0	0	1	17.7631579	0.261344538	3.877813505	311
1	49	20.94080127	35.47311123	0.052941177	0	1	31.5	0.354651163	1	1	0	0	0	10.78878748	0.368561485	4.623229462	3177
1	52	11.59522868	20.1446281	0.04176611	0	0	31.5	0.221238938	1	0	0	0	0	8.787593985	0.345818815	3.179345088	1985
1	55	18.2354687	36.83746166	0.03539823	0	0	31.5	0.4	1	1	0	0	0	16.08391608	0.411363636	4.459944751	724
1	56	37.88088887	38.88398731	0.056451613	0	1	31.5	0.888888889	1	1	0	0	1	11.35670732	0.310416667	5.731543624	1639
2	1	29.36059156	32.3996138	0.092307692	0	1	44.1	0.333333333	0	1	0	0	0	17.43529412	0.164197531	6.240601504	266
2	5	11.2187945	32.3996138	0.010327022	0	1	44.1	0.018518519	1	1	1	0	0	1.298113208	1.531693989	2.408490903	2803
2	6	36.08489938	29.69964598	0.041860465	0	0	44.1	0.215686275	1	1	0	1	0	11.33834587	0.176325758	3.601503759	931
2	7	16.01773594	32.3996138	0.093062606	0	1	44.1	0.25	1	1	0	0	0	10.04351714	0.380583756	3.375125042	2999
2	8	24.53599825	37.88223141	0.022813688	0	0	44.1	0.233333333	1	1	0	0	0	13.20123839	0.266606498	2.838862559	1477
2	10	34.32828553	32.3996138	0.087929656	0	0	44.1	0.385714286	1	1	0	0	1	12.9412731	0.236329114	3.44884842	1867
2	11	23.78473352	32.3996138	0.05952381	0	0	44.1	0.294117647	0	1	0	0	0	8.738461539	0.178873239	3.253543307	635
2	12	38.91250415	30.99173554	0.121681416	0	1	44.1	0.333333333	1	1	0	1	0	14.7875	0.183508772	3.265774379	1046
2	13	24.53906493	32.02479339	0.101388889	0	0	44.1	0.381355932	1	1	0	0	0	10.31297071	0.287426901	2.804170905	1966
2	19	37.17203797	37.88223141	0.093023256	0	1	44.1	0.833333333	1	1	0	0	0	18.25306122	0.119270833	6.030567686	229
2	20	10.06838109	36.15702479	0.03030303	0	0	44.1	0.222222222	0	1	0	0	0	5.585185185	0.480487805	1.172588833	394
2	22	25.95600097	29.54545455	0.058974359	0	0	44.1	0.257142857	1	1	0	0	0	10.03826087	0.174003795	4.233369684	917
2	24	26.91407505	34.86570248	0.107272727	0	1	44.1	0.127906977	1	1	0	0	0	8.732075472	0.465982906	3.252384446	2726
2	27	15.58978212	24.79338843	0.209059233	0	1	44.1	0.43537415	1	1	1	0	1	7.093087558	0.320754717	2.559358289	1870
2	28	26.95239489	30.99173554	0.142045455	0	0	44.1	0.268041237	1	1	0	0	0	12.21495845	0.214934114	3.00613079	1468
2	29	18.43641631	32.3996138	0.072463768	0	1	44.1	0.341085271	1	1	1	0	0	7.459915612	0.21961824	2.287783679	2071
2	31	19.53826806	32.3996138	0	0	1	44.1	0.090909091	0	0	0	0	0	12.82666667	0.201459854	6.304347826	276
2	32	34.27384642	30.99173554	0.139285714	0	1	44.1	0.52631579	0	1	1	0	0	12.62022472	0.241509434	3.34765625	768
2	34	30.59853013	35.12396694	0.109090909	0	1	44.1	0.384615385	1	1	0	0	0	10.4	0.227559055	2.673356401	1445
2	35	25.48662462	38.2231405	0.040441177	0	1	44.1	0.392857143	1	1	0	0	0	10.27317073	0.240316206	5.996710526	608
2	36	17.42972347	30.99173554	0.049504951	0	1	44.1	0.486486487	1	1	0	0	0	12.24827586	0.171615202	3.439446367	1455
2	40	36.25318709	25.82644628	0.236013986	0	0	44.1	0.348837209	1	1	0	0	0	11.23870968	0.258419244	2.930851064	1504
2	41	30.42038815	30.99173554	0.15503876	0	0	44.1	0.186666667	1	1	0	0	0	10.86846847	0.274743327	3.820627803	1338
2	42	21.14325069	36.15702479	0.047169811	0	0	44.1	0.470588235	0	1	0	1	0	13.66857143	0.133928571	4.7	300
2	43	27.12124925	36.15702479	0.074349442	0	0	44.1	0.191489362	1	1	0	1	0	10.14214876	0.265474061	3.570080863	1484
2	44	21.42805587	35.12396694	0.093264249	0	0	44.1	0.288461539	1	1	0	1	0	10.52734694	0.236082474	2.760917031	916
2	53	22.80147025	36.15702479	0.061435523	0	0	44.1	0.179104478	1	1	0	0	0	11.71143695	0.353170732	2.174723757	1448
2	56	32.24519299	37.19008265	0.327455919	0	1	44.1	0.337209302	1	1	0	0	0	10.46459627	0.29924357	3.299292214	1979
2	57	34.98254124	30.99173554	0.112359551	0	1	44.1	0.186440678	1	1	1	0	0	12.56932515	0.208360656	6.154209284	1271
2	58	34.12186643	34.09090909	0.305084746	0	1	44.1	0.206896552	1	1	0	0	0	10.6212766	0.191702128	3.576026637	901
2	61	24.14843035	32.3996138	0.073198198	0	0	44.1	0.292134832	1	1	0	0	0	10.57560976	0.371043771	2.959618875	2204
2	65	23.34442417	32.3996138	0.026785714	0	0	44.1	0.333333333	0	0	0	0	0	16.64	0.123529412	8.25974026	231
2	68	24.60230258	32.54132231	0.099009901	0	0	44.1	0.5	0	1	1	0	0	11.1037594	0.195112782	4.33911368	519
2	70	25.85240251	30.99173554	0.24	0	0	44.1	0.45945946	1	1	0	0	0	11.55555556	0.200335571	3.432160804	597
2	72	10.98237819	38.73966942	0.015384615	0	0	44.1	0.336538462	1	1	0	0	0	11.98139535	0.317857143	2.362143475	2314
2	73	27.03730044	36.15702479	0.060846561	0	0	44.1	0.52631579	1	1	0	1	0	9.63902439	0.217419355	4.572700297	337
2	74	17.53817185	30.99173554	0.079006772	0	1	44.1	0.427184466	1	1	0	0	0	12.34285714	0.221828909	3.153368794	2256
2	76	30.1767432	32.3996138	0.137724551	0	0	44.1	0.425531915	1	1	1	0	0	14.28785047	0.203913044	3.614072495	938
2	80	47.59261544	26.85950413	0.086206897	0	0	44.1	0.16	0	1	0	0	0	11.65390071	0.172285714	7.980099503	603
2	82	29.94471745	30.99173554	0.038461539	0	1	44.1	0.769230769	1	1	0	0	0	16	0.107636364	5.385135135	296
2	83	19.12119501	31.04962989	0.048701299	0	1	44.1	0.414285714	1	1	0	0	0	12.71111111	0.177312775	3.30310559	1610
2	84	25.54025758	28.40909091	0.081578947	0	0	44.1	0.32173913	1	1	0	0	0	12.4379798	0.149437299	2.487896719	1859
3	1	12.60522578	32.95571576	0.025280899	0	0	37.8	0.27027027	1	1	0	0	0	17.60744186	0.426550869	4.272833043	1719
3	3	11.14962073	42.27694998	0.032488629	0	0	37.8	0.173501577	1	0	0	0	0	12.59094828	0.790167158	2.534345446	8036
3	6	11.83352885	30.89598352	0.041821561	1	0	37.8	0.024193548	1	1	0	0	0	6.66870229	1.3688	1.312974869	3422
3	8	11.39958521	31.77136972	0.018286311	0	0	37.8	0.032069971	1	1	1	0	0	2.688	3.105714286	2.747930083	5435
3	9	6.736718212	30.49484917	0.018518519	0	0	37.8	0.090909091	1	0	0	0	0	1.423463687	1.6625	2.908521303	798
3	10	26.9545206	25.74665294	0.245901639	0	0	37.8	0.558823529	1	1	0	0	0	24.87769784	0.675	5.470899471	1134
3	11	15.04427914	28.95983522	0.013686131	1	0	37.8	0.084444444	1	1	1	0	0	9.464941785	1.16498195	1.682677409	3227
3	13	25.35055058	27.72259015	0.046153846	0	0	37.8	0.59375	1	1	0	0	0	20.67160494	0.26	5.792144026	611
3	21	15.32299611	29.45417096	0.011221945	0	1	37.8	0.423076923	1	1	0	0	0	16.71816284	0.467928731	3.882436935	2101
3	22	18.07167962	27.72259015	0.020446097	0	1	37.8	0.31372549	1	1	0	1	0	21.27125	0.342819843	4.932977913	1313
3	25	35.02539839	22.17807212	0.188235294	0	0	37.8	0.181818182	0	1	1	1	0	29.19583333	0.306666667	3.666666667	414
3	26	15.81999663	26.77651905	0	0	0	37.8	0.471698113	1	1	0	0	0	18.03454546	1.17761194	6.653992395	789
3	27	7.898221352	30.89598352	0.217391304	0	1	37.8	0.615384615	1	1	0	0	0	19.97560976	0.706763285	3.894736842	1463
3	28	14.55301995	36.04531411	0.035031847	0	0	37.8	0.657142857	1	1	0	0	0	17.63125	0.367592593	5.30604534	794
3	29	10.01043503	20.59732235	0.103773585	0	0	37.8	0.049056604	1	1	1	0	0	8.745157233	1.178368794	4.828769185	3323
3	33	15.36163935	37.48712667	0.024261603	0	0	37.8	0.37037037	1	1	0	0	0	17.0280303	0.910040161	2.964695499	2266
3	35	20.10534809	28.83625129	0.048821549	0	0	37.8	0.111111111	1	1	1	0	0	13.95333333	1.012903226	3.554936306	1256
3	36	10.39459654	28.83625129	0.044864227	0	0	37.8	0.112280702	1	1	0	0	0	10.16113074	1.285628743	4.469958081	4294
3	37	22.64729282	29.45417096	0.06372549	0	0	37.8	0.176470588	1	1	0	0	0	19.27058824	0.351666667	6.926066351	1055
3	38	10.94963003	27.80638517	0.006505576	0	1	37.8	0.205479452	1	1	0	0	0	17.57446809	0.587619048	4.076175041	1851
3	39	33.26596831	24.09886715	0.256410256	0	0	37.8	0.428571429	1	1	0	0	0	21.008	0.510320285	3.063458856	1434
3	40	15.51127962	29.10871966	0.055865922	1	0	37.8	0.523809524	1	1	1	0	0	22.568	0.394273128	3.6	895
3	41	10.29866117	31.88097868	0.03125	0	0	37.8	0.533333333	1	0	0	0	0	20.22222222	0.381578947	6.020689655	290
3	42	23.74126601	26.3130793	0.088691796	0	0	37.8	0.4	1	1	0	0	0	16.6565371	0.389303905	3.414304405	2293
3	44	29.77853348	20.59732235	0.046296296	1	0	37.8	0.736842105	1	1	0	0	0	26.14364641	0.224342105	5.178885631	682
3	46	26.39895264	24.20185376	0.071090047	0	1	37.8	0.311111111	1	1	0	0	0	22.8921875	0.455429864	5.334823646	2013
3	47	19.40548916	30.89598352	0.056291391	0	1	37.8	0.28125	0	1	1	0	0	20.48743169	0.202402402	5.824925816	674
3	49	15.41985334	33.05870237	0.013392857	0	0	37.8	0.235294118	0	1	0	0	0	21.44496124	0.368456376	3.486338798	549
4	1	42.64857333	28.60788899	0.180555556	0	0	66.15	0.571428571	1	1	0	0	1	18.92413793	0.2125	4.552941177	340
4	2	15.78860896	30.89598352	0.102941177	0	1	66.15	0.470588235	0	1	1	0	0	22.19411765	0.338157895	4.630350195	514
4	3	47.30593814	33.12492409	0.139534884	0	0	66.15	0.7	1	1	0	0	0	23.29811321	0.123809524	10.78021978	182
4	4	12.4032922	26.26158599	0	0	1	66.15	0.142857143	1	0	0	0	0	14.86333333	0.442168675	4.517711172	367
4	5	10.42132778	30.11356736	0.03301238	0	1	66.15	0.049180328	1	1	0	1	0	5.009658422	2.21954023	2.065251165	3862
4	10	28.60459436	30.89598352	0.181818182	0	1	66.15	0.5	1	1	0	0	0	22.11869159	0.214136126	5.919315403	409
4	14	18.26969317	27.10221062	0.034883721	0	1	66.15	0.344827586	1	1	0	0	0	21.77304348	0.268	5.699360341	469
4	17	27.08166457	30.89598352	0.05952381	0	0	66.15	0.181818182	1	1	0	0	0	20.06226415	0.291891892	4.444444444	216
4	18	32.77080214	28.32131823	0.067567568	0	0	66.15	0.448275862	1	1	0	0	0	15.3184466	0.278472222	4.812967581	401
4	24	26.2147739	28.60788899	0.121621622	0	0	66.15	0.916666667	1	1	0	0	0	20.3	0.138285714	5.491735537	242
4	29	21.62896716	30.89598352	0.177777778	0	0	66.15	0.549019608	1	1	1	1	0	19.01413044	0.305540897	4.648531952	1158
4	32	20.34366074	28.60788899	0.088709677	0	0	66.15	0.352941177	1	1	0	0	0	19.9721519	0.276190476	5.830049261	406
4	34	20.3869309	34.80947477	0.031413613	0	1	66.15	0.412698413	1	1	0	0	0	20.66102362	0.299388379	3.179775281	979
4	36	21.31659392	35.01544799	0.317460318	0	0	66.15	0.578947368	1	1	1	0	0	22.1695122	0.1640625	5.86031746	315
4	40	21.8583829	36.13628083	0.129032258	0	0	66.15	0.833333333	1	1	0	0	0	15.75945946	0.158064516	6.285714286	147
4	42	29.51338657	25.74665294	0.199680511	0	0	66.15	0.732142857	1	1	0	0	0	17.56829268	0.489423077	3.459724951	1527
4	45	27.26894861	27.10221062	0.133928571	0	1	66.15	0.288135593	1	1	0	0	0	18.54381625	0.422826087	3.802913453	1167
4	48	15.77389876	30.11356736	0.115384615	0	0	66.15	0.4375	0	1	0	1	0	23.07454546	0.259016393	19.07594937	158
4	49	24.37009921	39.14763756	0	0	0	66.15	0.333333333	1	0	0	1	0	19.95636364	0.085957447	4.777227723	202
5	2	11.65266842	26.77651905	0.085877863	0	1	63	0.190476191	0	0	0	0	0	20.92203947	0.383206107	3.435059761	1255
5	4	13.23921762	20.59732235	0.071875	0	1	63	0.272727273	1	0	0	1	0	19.425	0.188313283	5.576271186	767
5	5	9.896774229	32.95571576	0.02956636	0	0	63	0.322222222	1	1	0	1	0	18.47247609	0.276805832	5.322959062	4177
5	6	17.54719622	27.74149726	0.085858586	0	1	63	0.9	0	0	0	0	0	20.39302326	0.280959374	5.010452962	574
5	8	11.58739462	33.47064882	0.024875622	0	0	63	0.444444444	0	1	0	0	0	19.53037975	0.119041451	9.53101197	919
5	10	15.70216347	30.89598352	0.12037037	0	1	63	0.416666667	0	1	0	0	0	22.4775	0.237619461	2.952468007	547
5	11	12.76256728	29.86611741	0.054151625	0	0	63	0.277777778	0	1	0	0	0	20.52326284	0.327160494	2.822641509	1325
5	13	17.25260389	28.42430484	0.147465438	0	1	63	0.28358209	0	1	0	0	0	19.34683099	0.231181766	3.753935377	1207
5	15	13.96366515	29.09371782	0	0	0	63	0.195121951	0	1	0	0	0	17.274375	0.37972973	3.759786477	562
5	16	18.52182686	15.44799176	0.212121212	0	1	63	0.4	0	1	0	0	0	21.55736842	0.340869565	3.942602041	784
5	18	22.29126185	25.74665294	0.115942029	1	1	63	0.139784946	1	1	1	0	0	10.49178082	0.458094458	1.859356377	1678
5	19	16.76453771	32.4407827	0.153846154	0	1	63	0.36	1	1	1	1	0	22.52647059	0.161317877	6.686838124	2644
5	21	9.50215685	29.86611741	0.077922078	0	1	63	0.508474576	0	0	1	1	0	15.51580382	0.337299771	1.844640434	1474
5	22	10.79517517	26.3544224	0.092592593	0	0	63	0.259259259	0	1	0	0	0	19.32222222	0.3215	2.639191291	643
5	28	15.49474314	26.77651905	0.065868264	1	1	63	0.307692308	0	1	0	0	0	12.25025907	0.415409483	3.747081712	771
5	30	14.62708399	24.96734754	0.087628866	0	0	63	0.352941177	0	1	0	0	0	21.32368421	0.4025	3.962732919	483
5	31	18.745453	25.23171988	0	0	1	63	0.315789474	0	1	0	0	0	21.19090909	0.192988669	3.636697248	545
5	32	16.49902987	35.01544799	0.03968254	0	1	63	0.197530864	1	1	0	0	0	16.5	0.173503185	7.567547724	1362
5	33	23.36367805	33.47064882	0	0	0	63	0.585714286	1	1	0	1	0	18.07714286	0.116827743	9.976155718	2055
5	39	18.71901731	33.47064882	0.019455253	0	0	63	0.829268293	1	1	0	0	0	24.58389262	0.137464388	10.11502591	965
6	1	6.731807792	30.89598352	0	0	0	94.5	0.14893617	1	0	0	1	0	10.71962617	0.188073395	4.967073171	820
6	6	16.15661524	30.89598352	0	0	0	94.5	1	0	1	0	0	0	27.35294118	0.049885584	5.747706422	218
6	7	14.76021822	33.47064882	0.039877301	0	0	94.5	0.090909091	1	1	1	0	0	10.18357488	0.812264151	2.924506388	861
6	8	15.05735289	39.60233497	0.037735849	0	0	94.5	0.111111111	0	0	0	0	0	20.08450704	0.088957055	8.979310345	290
6	12	11.00148155	28.83625129	0.011086475	0	0	94.5	0.079646018	1	1	0	0	0	8.024822695	0.763194444	2.381255687	2198
6	15	29.08995526	30.06843951	0.053571429	0	1	94.5	0.148148148	1	1	1	0	0	12.648	0.309032258	4.202505219	958
6	18	11.81813577	30.80181609	0.02631579	0	0	94.5	0.75	1	0	0	0	0	23.58695652	0.157758621	7.469945355	183
6	25	16.00217981	27.86830979	0.055031447	0	0	94.5	0.108695652	1	1	0	1	0	6.880487805	1.108074534	3.182174888	1784
6	27	18.76125634	28.83625129	0.011029412	0	1	94.5	0.230769231	0	1	0	1	0	14.54320988	0.576635514	2.150729336	617
6	29	32.44327834	37.07518023	0.055555556	0	1	94.5	0.416666667	0	1	1	1	0	21.37931035	0.289252336	5.109854604	619
6	31	15.44799176	28.83625129	0	1	0	94.5	1	0	0	0	1	0	11.72972973	0.31372549	3.14375	160
6	36	15.75626654	30.89598352	0	0	0	94.5	0.375	0	0	0	1	1	18.94444444	0.155517241	4.629711752	451
6	38	4.257547078	35.20207553	0	0	1	94.5	0.333333333	0	0	0	0	0	19.02272727	0.080995475	9.642458101	179
6	39	8.611309908	29.33506294	0	0	0	94.5	0.15	0	1	0	0	0	13.28571429	0.17184466	7.615819209	177
6	40	15.36113558	27.80638517	0.06875	0	0	94.5	0.263157895	1	1	0	1	0	15.81313131	0.34439834	3.445783133	830
7	2	20.49382716	28	0	1	1	45.68	0.642857143	1	1	0	1	0	18.77926829	0.169633508	6.160493827	324
7	3	13.88601036	29	0.178571429	1	1	45.68	0.368421053	1	0	0	0	0	16.12921348	0.233939394	2.945595855	386
7	5	21.39968896	30.5	0.110169492	1	1	45.68	0.307692308	0	1	0	1	1	16.3125	0.296313364	4.026438569	643
7	6	27.66390834	26	0.079495614	1	1	45.68	0.531914894	1	1	0	0	0	12.41794872	0.304457364	4.157224698	1571
7	7	35.74938575	24.85873155	0.264900662	1	1	45.68	0.6	1	1	0	1	0	16.75738636	0.323015873	4.404176904	814
7	11	20.81705151	30	0.103773585	1	1	45.68	0.48	0	1	0	0	0	16.33740458	0.203249098	3.712255773	563
7	12	13.74005305	24.85873155	0.032679739	1	1	45.68	0.2	0	1	1	1	0	12.21702128	0.261805556	4.278514589	754
7	14	17.93522267	26	0.109289618	1	1	45.68	0.464285714	0	1	0	0	0	15.33838863	0.231924883	3.865384615	988
8	1	12.01913876	26	0.021186441	0	1	37.8	0.053571429	1	1	0	0	0	16.9369863	0.296033994	4.770334928	1045
8	2	17.5477707	29	0	0	1	37.8	0.297297297	0	1	0	1	0	14.82576687	0.218055556	4.928343949	628
8	3	25.0209205	27.31322863	0.093220339	0	0	37.8	0.37037037	0	1	0	0	0	16.17878788	0.223887588	6.039748954	956
8	4	7.982758621	35	0.020689655	0	0	37.8	0.232142857	1	1	0	0	0	12.17771557	0.391011236	5.158045977	3480
8	5	19.73056995	28.75076698	0.164141414	0	0	37.8	0.375	0	0	0	0	0	17.1197479	0.205319149	6.413471503	965
8	7	5.004495055	31.62584367	0.003649635	1	0	37.8	0.183006536	1	0	0	0	0	9.791408115	0.497317437	4.567875337	3337
8	8	13.24110672	21.56307523	0.08490566	1	0	37.8	0.44	0	1	0	1	1	14.58625954	0.25948718	7.207509881	506
8	10	28.25433526	33.55214506	0.085561497	1	0	37.8	0.368421053	0	1	1	1	1	15.48622222	0.252186589	3.026589595	865
8	12	16.92307692	23.41	0.083333333	1	1	37.8	0.319148936	1	1	1	0	0	13.9728022	0.240350877	4.877035373	1781
8	13	23.88935457	33.75	0.173913044	0	1	37.8	0.158730159	1	1	0	0	1	13.76856703	0.160349462	5.7372171	2386
8	15	17.40402194	27.5	0	0	0	37.8	0.178571429	0	1	0	0	0	17.44137931	0.239912281	7.268738574	547
8	16	16.46489104	28.5	0.071428571	0	0	37.8	0.285714286	0	1	1	0	0	14.05	0.299275362	5.523002421	413
8	18	8.84057971	31	0	0	0	37.8	0.181818182	0	0	0	0	0	16.26842105	0.130188679	10.41304348	138
8	24	14.86810552	28.5	0.070564516	0	0	37.8	0.196261682	1	1	0	1	0	12.53548922	0.45	2.416067146	2502
8	27	10.90653549	30.6	0.070422535	0	1	37.8	0.188235294	1	1	1	0	0	10.56107383	0.412463768	4.644413212	1423
9	2	13.94886364	32.5	0.043478261	1	1	37.8	0.086330935	1	1	0	0	0	10.13829457	0.519557196	2.594105114	2816
9	3	9.77878616	29.9	0.012779553	1	0	37.8	0.14084507	1	1	0	0	0	12.42291667	0.475202156	3.360181509	1763
9	4	24.84581498	23.42179599	0.246445498	1	0	37.8	0.466666667	1	1	1	0	1	16.33125	0.274818402	4.500440529	1135
9	6	12.26502311	29	0.05982906	1	0	37.8	0.212121212	1	1	0	0	0	11.61333333	0.283406114	3.697996918	649
9	7	23.62204724	23.07735782	0.270833333	1	0	37.8	0.1	0	1	0	0	0	13.4	0.747058824	1.732283465	127
9	10	16.52694611	26	0.05204461	1	0	37.8	0.130434783	1	1	0	0	0	13.52761905	0.241030928	5.859709153	1169
9	12	27.95275591	30	0	1	1	37.8	0.583333333	0	1	0	0	0	21.51549296	0.126368159	6.720472441	254
9	14	10.2284451	30	0.055147059	1	0	37.8	0.272727273	1	1	0	0	0	15.30295858	0.204984894	4.711127487	1357
9	15	23.47826087	30	0.081081081	1	1	37.8	0.166666667	0	1	1	1	0	6.821818182	0.268831169	3.236714976	207
9	16	10.62189055	33.06606493	0.010582011	0	0	37.8	0.32	0	1	0	0	0	13.65046729	0.499378882	4.472636816	804
9	18	13.12299465	33.06606493	0.043360434	0	1	37.8	0.15625	1	1	0	0	0	11.29634409	0.36381323	7.049197861	1870
9	22	14.58492976	35.8	0.151515152	1	0	37.8	0.314285714	1	1	0	0	1	14.60359281	0.230973451	6.62962963	783
9	23	33.25123153	27.55505411	0.25477707	1	1	37.8	0.58	0	1	0	1	1	15.53623188	0.261093248	3.544334975	812
9	24	8.59375	34	0.043209877	1	0	37.8	0.263157895	0	1	0	1	1	16.08	0.152988048	6.703125	384
9	25	16.39846743	25	0.081433225	1	0	37.8	0.416666667	1	1	0	1	0	9.218223235	0.343421053	3.031198686	1827
9	28	8.226837061	37.19932305	0.041322314	0	0	37.8	0.134328358	1	0	0	0	0	13.09644013	0.370414201	2.087060703	1252
9	31	16.06334842	28.6	0.06185567	1	0	37.8	0.428571429	0	1	0	0	0	20.52252252	0.171984436	3.839366516	442
10	4	12.9535949	30	0.08972912	0	1	19.7	0.112852665	1	1	0	0	0	9.146887967	0.602038369	4.422226648	5021
10	7	11.66002656	31.1161855	0.029411765	0	1	19.7	0.233333333	1	0	0	0	0	21.1715847	0.3	5.630810093	753
10	10	10.28037383	35	0	0	0	19.7	0.125	0	1	0	0	1	10.36551724	0.274358974	5.411214953	107
10	11	10.18075232	29.76330787	0.02970297	1	0	19.7	0.476190476	1	0	1	0	1	11.08565311	0.480516432	3.174890083	2047
10	13	12.9562982	33	0.022540984	1	1	19.7	0.142857143	1	0	0	0	0	16.87098976	0.267660551	6.505569837	1167
10	14	19.25702811	35	0.048571429	0	0	19.7	0.098039216	1	0	0	1	1	9.901769912	0.403238866	4.346385542	966
10	15	12.43679398	30	0.023391813	1	0	19.7	0.217391304	1	1	1	0	1	14.95279805	0.400646552	2.690155998	1859
10	16	10.1076894	32.80728253	0.046339203	1	0	19.7	0.139372822	1	0	0	0	0	11.93206442	0.482058288	3.537124504	5293
10	17	16.11395179	30.5	0.022968198	1	1	19.7	0.069444444	1	0	0	0	0	17.78197183	0.441612903	2.864864865	1369
11	4	15.19875476	30.95041248	0.063084112	0	1	56.7	0.212765957	1	1	1	1	0	13.45287356	0.305013928	6.978995434	1095
11	5	13.87762853	26.72990169	0.060606061	1	0	56.7	0.47826087	0	1	0	0	1	9.277868853	0.269856459	4.721631206	564
11	6	19.16935672	34.46750481	0.055555556	0	1	56.7	0.285714286	1	1	0	0	0	11.65405405	0.24040404	9.722689076	476
11	7	15.44799176	30.89598352	0	0	0	56.7	0.545454546	0	1	0	0	0	15.675	0.068	16.96568628	204
11	9	9.606602107	44.7374144	0.056384743	0	0	56.7	0.24852071	1	1	1	0	0	8.856994819	0.170215176	5.694610778	3006
11	10	11.66229223	30.89598352	0.039473684	0	0	56.7	0.186046512	1	1	0	0	0	8.292307692	0.489506173	3.703656999	793
11	11	9.979734893	36.1791967	0.012987013	0	1	56.7	0.822222222	1	1	0	0	0	16.11627907	0.18213866	6.989677419	1550
13	1	12.0208605	33.45763233	0.167785235	0	0	22.05	0.736842105	1	1	0	0	0	12.6802139	0.078425358	4.109517601	1767
13	7	9.540526588	40	0.052785265	0	1	22.05	0.406504065	1	0	1	0	0	12.69230769	0.204540655	3.662364481	1937
13	10	29.1509434	30.66949631	0.090909091	0	0	22.05	1	0	1	0	0	1	19	0.094222222	8.797169811	212
13	13	16.10105838	30	0.078373016	0	1	22.05	0.213523132	1	1	1	0	0	8.437238169	0.55737393	3.583304882	5858
13	14	20.5583393	33.45763233	0.065573771	0	0	22.05	0.333333333	1	1	0	0	0	10.38598383	0.211666667	5.350751611	1397
13	17	19.43462898	30	0.09375	1	0	22.05	0.101449275	1	1	0	0	0	7.63857868	0.254954955	2.155477032	849
13	18	18.74570447	33.45763233	0	0	0	22.05	0.583333333	1	1	0	0	0	13.36551724	0.152356021	5.516323024	1164
13	19	8.809980806	36.25	0.017467249	0	0	22.05	0.357142857	0	0	0	0	0	11.36	0.257920792	3.827255278	1042
13	20	21.48842337	30.66949631	0.067167577	0	0	22.05	0.464285714	1	1	0	0	1	12.51466667	0.192161017	3.898566703	1814
13	21	16.46586345	35	0.034090909	0	0	22.05	0.142857143	1	1	0	0	0	11.92615385	0.151829268	5.654618474	249
13	23	18.11716435	39.7309384	0.036363636	1	0	22.05	0.0243309	1	0	0	0	0	4.272468917	1.643071161	3.088443127	4387
13	24	7.020014826	27.5	0.025826446	0	1	22.05	0.096296296	1	0	1	0	0	7.55088853	1.412565445	5.266864344	2698
13	25	23.62235067	31	0.125	0	0	22.05	0.428571429	1	1	1	0	0	13.0945946	0.112581345	2.728323699	519
14	1	21.71751693	29.3674487	0.203389831	0	1	61.43	0.268292683	1	1	0	0	0	13.60188679	0.163390663	2.803007519	665
14	3	24.48622396	34.09090909	0.062043796	1	1	61.43	0.34375	0	1	0	0	0	13.74497041	0.206069364	2.321178121	713
14	4	27.62938043	29.3674487	0.072687225	0	1	61.43	0.368421053	0	1	0	0	0	16.64049296	0.22193159	5.124206709	1103
14	5	30.73630915	30.99173554	0.125	0	0	61.43	0.227272727	1	1	0	0	0	16.10706522	0.297142857	5.696428571	728
14	6	23.48810587	29.95867769	0.084033613	0	1	61.43	0.586206897	1	1	0	0	0	19.48378378	0.157029178	5.72972973	592
14	8	21.48329686	30.99173554	0.132947977	0	1	61.43	0.101694915	1	1	0	0	0	3.675717017	0.401330799	3.685457129	2111
14	9	20.46896022	33.57438017	0	0	0	61.43	0.2	0	1	0	0	0	13.63404255	0.158088235	5.730232558	215
14	12	21.25368397	28.63326248	0.102189781	0	1	61.43	0.444444444	0	1	0	0	0	17.0945122	0.225280899	6.039900249	802
14	14	24.77587898	32.30419357	0.11589404	0	1	61.43	0.258064516	1	1	0	0	0	9.301229508	0.266666667	4.554025424	944
14	15	18.34437287	29.3674487	0.081632653	1	0	61.43	0.344827586	1	0	1	0	0	15.34724409	0.289361702	5.354779412	544
14	16	18.02843342	32.23140496	0.140243902	0	0	61.43	0.52631579	1	1	0	0	0	18.5049505	0.084149184	3.498614958	361
14	19	11.82297178	30.10163492	0.046448087	0	1	61.43	0.1953125	1	1	1	0	1	9.257216055	0.309297659	2.846237024	4624
14	20	9.492964038	30.99173554	0.088495575	0	1	61.43	0.714285714	0	1	0	0	0	18.69	0.161409396	3.638253638	481
14	21	19.86754967	28.40909091	0.032894737	0	0	61.43	0.25862069	0	1	0	1	0	11.18857143	0.139814815	4.707284768	755
14	23	13.90404907	29.3674487	0	0	0	61.43	0.5	1	1	0	0	0	5.621052632	0.722727273	3.08490566	318
14	24	25.76015925	33.05785124	0.089514067	0	1	61.43	0.179856115	1	1	0	0	0	12.89660377	0.79140625	3.328726555	2026
14	27	27.7916187	29.54545455	0.067039106	0	0	61.43	0.428571429	1	1	0	0	0	20.71121495	0.176838235	3.694386694	962
14	29	13.94931345	26.85950413	0.029616725	0	1	61.43	0.092783505	1	1	0	0	0	11.959375	0.346049661	4.52446184	1533
14	32	17.98387072	30.99173554	0.046125461	0	1	61.43	0.234693878	1	1	0	0	0	11.38921875	1.36443299	3.315829241	2647
14	33	25.77184492	29.3674487	0.280898876	0	1	61.43	0.206896552	0	1	0	0	0	15.16016949	0.193061225	3.868921776	473
14	34	17.04515371	24.79338843	0.073839662	0	0	61.43	0.174358974	1	1	0	0	0	7.986423841	0.426583851	4.592894584	3434
14	40	20.0273792	29.3674487	0.028169014	0	0	61.43	1	1	1	0	1	0	20.6925	0.160591133	7.45398773	326
14	42	18.69077729	33.57438017	0.032188841	0	0	61.43	0.231182796	1	1	1	0	0	12.27898305	0.232581454	3.237338362	3712
14	43	20.77594123	33.05785124	0.041666667	0	1	61.43	1	0	1	0	0	0	21.23629344	0.152027027	7.147777778	900
14	44	17.59356166	30.83582113	0.068181818	0	1	61.43	0.4	0	1	0	0	0	17.088	0.23248731	3.868995633	458
14	47	17.2879069	30.99173554	0.065789474	0	1	61.43	0.25	0	1	0	1	0	15.2127907	0.147844828	5.071428571	686
14	48	13.75763833	28.63326248	0.086956522	1	0	61.43	0.197802198	1	1	1	1	1	11.51284404	0.228240109	3.7160789	1673
14	53	23.35609055	33.05785124	0	0	0	61.43	0.75	0	1	1	0	0	21.93214286	0.130681818	9.530434783	115
14	54	21.06819322	23.45041322	0.054852321	0	1	61.43	0.173913044	0	1	0	0	0	12.57902736	0.248336595	1.256107171	1269
15	1	11.79136146	27.21102166	0.002605524	1	1	79.54	0.01609658	1	1	0	1	0	1.383153974	4.07953668	0.159852357	690
15	3	8.281949763	24.48991949	0.073529412	0	1	79.54	0.169082126	1	1	0	0	0	4.613138686	0.375302663	5.383870968	1550
15	9	15.221725	26.15694165	0.020576132	1	1	79.54	0.096345515	1	1	0	0	0	3.796601942	0.476153846	4.648742211	4333
15	10	13.93474113	20.92555332	0.257142857	1	1	79.54	1	0	1	0	0	0	18.25540541	0.145070423	5.459546926	309
15	11	11.79843287	23.12936841	0.031876138	0	1	79.54	0.203947368	1	1	0	0	0	9.804564907	0.439940388	4.963414634	2952
15	14	12.58922649	25.15090543	0.216083916	1	1	79.54	0.213114754	1	1	0	1	1	11.49605735	0.319789842	2.010952903	3652
15	16	17.2983603	20.40826625	0.115789474	0	0	79.54	0.214285714	0	1	1	0	0	18.69908257	0.28516129	3.472850679	442
15	20	10.7094178	23.12936841	0.123076923	0	1	79.54	0.538461539	0	1	0	0	0	15.8	0.187878788	10.9483871	310
15	28	13.12206847	24.48991949	0.100293542	0	1	79.54	0.070460705	1	1	0	0	0	5.537383178	1.122018349	2.842354865	6115
15	29	15.96500855	25.15090543	0.058002937	0	1	79.54	0.176470588	1	0	1	1	1	12.05084746	0.199681529	5.133971292	1254
16	6	26.38367347	22.20010531	0.650224215	1	1	50.4	0.461538462	1	1	1	1	0	15.22650602	0.720588235	3.025306122	1225
16	10	16.72766416	31.2	0.11299435	1	1	50.4	0.576923077	1	1	0	0	0	15.84901478	0.367193676	4.314316469	1858
16	11	27.62803235	30.4	0.312962963	1	1	50.4	0.386363636	1	1	1	1	1	14.9656051	0.152989691	9.239892183	742
16	13	19.91425509	32	0.104712042	0	0	50.4	0.288888889	0	1	0	1	0	14.14194915	0.199785867	4.075026795	933
16	19	13.8336714	32.5	0.083732057	1	1	50.4	0.261904762	0	1	0	0	0	13.50956175	0.386666667	5.014198783	986
16	24	33.82753404	23.5876119	0.192307692	1	1	50.4	0.205128205	0	1	0	1	1	17.69467456	0.128599222	0.686838124	661
16	28	19.0507365	26	0.110192838	1	0	50.4	0.157303371	0	1	0	1	0	10.80995575	0.532848837	2.219858156	1833
17	8	11.88802208	23.138833	0.033333333	1	1	114.98	0.366666667	1	1	1	0	0	7.751333333	0.202990033	6.268412439	611
17	14	13.2907537	20.12072435	0	1	1	114.98	0.863636364	1	1	1	1	0	4.416037736	0.162686567	3.949541284	416
17	16	11.05926338	25.65392354	0.16509434	1	1	114.98	0.35	0	1	0	1	0	9.946825397	0.318644068	1.510638298	564
18	1	13.62165844	18.10865191	0.044827586	1	1	127.5	0.220779221	0	1	0	1	0	2.913513514	0.266349206	3.095351609	839
18	5	11.73030083	20.92555332	0.053353659	1	1	127.5	0.084415584	1	1	1	0	1	3.614937759	0.631534091	1.848852902	2223
18	9	10.24963093	18.32547092	0	1	0	127.5	0.333333333	0	1	0	0	0	5.392682927	0.214596273	5.141823444	691
18	12	7.753651	21.12676056	0.030927835	0	1	127.5	0.52	0	1	0	1	0	6.708196721	0.230666667	7.090558767	519
18	14	7.431347668	26.15694165	0	0	1	127.5	0.211538462	1	0	0	0	0	5.192	0.32247191	6.264808362	574
18	15	9.185548071	20.12072435	0	1	0	127.5	0.25	0	0	0	0	0	3.96	0.627272727	9.072463768	138
18	16	4.538098154	28.14268748	0	0	1	127.5	0.203703704	0	0	0	0	0	3.3	0.245333333	2.983695652	368
18	18	16.40445455	20.94339533	0.026859504	0	1	127.5	0.325301205	1	1	1	0	0	5.401846154	0.219694397	2.338485317	1294
18	19	10.98829206	17.67098981	0.068181818	0	0	127.5	0.232	1	0	1	0	0	4.514782609	0.429344729	5.059057731	1507
18	20	8.922429177	27.66599598	0.032894737	1	1	127.5	0.162162162	1	1	0	0	0	3.771428571	0.6078125	4.931876607	778
19	9	8.167471729	23.54124749	0.113095238	1	1	157.5	0.346938776	1	1	0	1	1	7.365413534	0.218250951	3.569686411	574
19	10	8.404859537	22.02821288	0	0	1	157.5	0.581818182	1	1	0	0	0	8.295	0.314741036	4.069620253	790
19	11	7.720435623	25.15090543	0	0	1	157.5	0.507042254	0	1	0	1	0	6.410285714	0.144676806	2.738501971	761
19	13	10.8126698	25.15090543	0.004938272	1	0	157.5	0.352941177	1	1	0	0	0	5.870240296	0.192232143	8.362285184	2153
19	15	15.37173351	26.15694165	0	0	1	157.5	0.807692308	0	1	0	0	0	10.71186441	0.155555556	7.183229814	644
19	17	12.11392064	26.15694165	0.021582734	0	1	157.5	0.285714286	0	1	1	0	0	6.721546961	0.444954128	4.210996564	1455
19	20	8.894391993	21.29393912	0.105882353	1	1	157.5	0.301587302	0	1	0	0	0	7.459227468	0.326086957	3.152820513	975
19	21	7.080700765	23.49676041	0.213675214	0	1	157.5	0.694444444	0	0	0	0	0	7.951633987	0.1256	4.5	628
19	24	7.896054541	25.15090543	0.017985612	1	1	157.5	0.074074074	1	0	1	0	0	1.776706827	2.26185567	1.323154057	2194
20	2	27.97478329	26.59574468	0.051282051	0	0	94.5	0.285714286	0	1	0	1	0	10.78043478	0.091011236	7.864197531	162
20	4	6.417284405	21.27659575	0.092879257	0	0	94.5	0.006322445	0	0	0	0	0	0.586895476	13.22197802	3.769115692	12032
20	7	10.48411964	22.45860033	0.231884058	0	1	94.5	0.34375	0	1	0	0	0	7.618811881	0.226229508	8.678743961	414
20	11	10.00575043	27.65957447	0.05625	0	1	94.5	0.5	0	1	0	0	0	9.521590909	0.209039548	9.15945946	370
20	13	9.769865393	26.59574468	0	0	1	94.5	0.7	0	1	0	1	1	10.52307692	0.089497717	13.68877551	196
20	14	15.86652119	27.74297688	0.037383178	1	1	94.5	0.571428571	0	1	0	1	0	11.30578512	0.19338843	7.905982906	468
20	15	19.34235977	33.19148936	0.081818182	0	1	94.5	0.555555556	1	0	0	0	1	8.55	0.14	9.800865801	231
20	17	17.14521793	20.74468085	0	0	0	94.5	0.470588235	0	1	0	1	0	3.861290323	0.228888889	7.854368932	103
20	20	13.13420622	27.65957447	0	0	1	94.5	0.387096774	0	1	0	0	0	10.05882353	0.084142395	8.613461539	520
20	21	10.04196422	24.89361702	0	1	0	94.5	0.022807018	1	1	0	0	0	0.981147541	3.058201058	2.984429066	5780
20	22	15.08382359	30.42553192	0	0	1	94.5	0.52173913	0	1	0	1	0	8.872641509	0.171785714	15.14345114	481
20	27	6.398450796	23.93617021	0.040254237	0	1	94.5	0.151515152	1	0	0	0	0	3.064864865	0.92472885	1.783954961	4263
21	3	13.48593352	19.11468813	0.047619048	0	0	222.5	0.45	0	0	0	0	0	8.6	0.21627907	6.76344086	279
21	6	9.949808743	23.83845844	0.024038462	0	0	222.5	0.585714286	1	0	0	0	0	7.809195402	0.085146199	4.160714286	728
21	7	9.845702952	22.13279678	0.017241379	1	0	222.5	0.428571429	0	1	0	0	0	7.192727273	0.254710145	4.436699858	1406
21	11	9.302460792	25.16281725	0.03968254	0	0	222.5	0.28	1	0	0	0	0	5.476616915	0.390725807	4.077399381	969
21	13	10.48976788	22.13279678	0.037593985	0	0	222.5	0.380952381	0	1	1	1	1	10.02514286	0.083143219	5.742378049	656
21	14	4.845334714	25.15090543	0	1	0	222.5	0.4	1	0	0	0	1	1.440609137	0.559329446	1.12223091	3837
21	15	11.54342468	25.15090543	0.060483871	0	1	222.5	0.597402597	0	1	0	0	0	8.203076923	0.174767596	6.533434651	1316
21	16	5.401869344	21.12676056	0.073170732	0	1	222.5	0.408163265	1	0	0	1	1	4.777777778	0.312307692	2.92364532	406
21	20	12.47065728	24.64788732	0	0	0	222.5	0.658536585	0	1	0	0	0	9.485294118	0.154010695	7.090277778	576
21	21	10.06036217	25.82499665	0	0	1	222.5	0.510638298	0	1	0	0	1	7.082352941	0.172654156	6.071428571	644
21	22	5.9635316	23.64185111	0.00965251	0	1	222.5	0.617647059	1	0	0	1	1	7.363914373	0.146043166	5.47044335	1218
21	25	15.33492453	19.61770624	0.071022727	0	1	222.5	0.547169811	1	1	0	1	0	9.613973799	0.2	5.065789474	988
21	26	6.418881387	19.11468813	0	1	1	222.5	0.226804124	0	0	0	1	0	2.880582524	0.330628803	2.447239264	1630
21	27	15.52525027	23.83845844	0.074074074	0	1	222.5	0.928571429	0	0	1	0	1	11.32682927	0.064285714	5.216049383	162
